HM.QUA01[K1] =  2.74423510756259104E+000
HM.QUA02[K1] = -3.24230622360540588E+000
HM.CHICA.QUA01[K1] = -4.50877443528510558E+000
HM.CHICA.QUA02[K1] =  2.81343227667662310E+000
HM.CHICA.QUA03[K1] =  1.80229699868741711E+000
HM.CHICA.QUA04[K1] = -2.53933856099976785E+000
HM.QUA03[K1] = -8.97108330327268666E-001
HM.QUA04A[K1] = -3.48931004967203906E+000
HM.QUA04[K1] =  1.03522696178332296E+001
HM.QUA05[K1] = -8.42927200377982366E+000

!C1.QUA01[K1] = -7.45492628385411393E+000
!C1.QUA02[K1] =  4.99943457080009868E+000


O_HM.CHICA[ANGLE_DEG] = -35 ! corresponds to r56 = 1.38513200 m
HM.Cav01[voltage] = 1.31e6 ! V
HM.Cav01[phi0] = 0.5