

! TEMP
MH.BEN02[G] =  1.33052927992957620E-001
MH.PIP02[L] =  1.09977505172832579E+000
MH.PIP03[L] =  1.34817750174558326E+000

MH.QUA01[K1] = -1.66746260769111956E+001
MH.QUA02[K1] =  5.94071408869780804E+000
MH.QUA03[K1] =  1.00137772970458432E+001
MH.QUA04[K1] = -1.15996819263851325E+001
